0 0.55601640625 0.42781296296296295 0.09513906250000001 0.2796296296296296
0 0.8103994791666668 0.49105416666666674 0.175 0.2913583333333334
0 0.5041268229166667 0.39123379629629634 0.03680572916666662 0.09660462962962965
0 0.20125520833333332 0.44420925925925925 0.14479166666666668 0.5527777777777778
0 0.08219192708333334 0.507399537037037 0.14215052083333335 0.43729537037037036
0 0.9627588541666667 0.45317824074074076 0.065625 0.3006175925925926
0 0.5190453125 0.347712037037037 0.030859375 0.08472222222222223
0 0.5366885416666667 0.3566240740740741 0.022916666666666665 0.03587962962962963
0 0.42280104166666665 0.2486300925925926 0.190625 0.4972601851851852
0 0.5978010416666667 0.09029675925925926 0.16875 0.18059351851851851
