0 0.1305734375 0.9650111111111112 0.1328125 0.06997777777777779
0 0.3634984375 0.5578194444444444 0.23675000000000002 0.48575
0 0.530718359375 0.5215493055555556 0.12667421874999993 0.3151041666666667
0 0.36396875 0.18288125 0.1455734375 0.3657625
0 0.683039453125 0.66933125 0.18411484375000003 0.4145236111111112
0 0.703121875 0.09664652777777777 0.13359375 0.19329305555555554
0 0.572523046875 0.04734097222222223 0.07760390624999998 0.09468194444444446
0 0.53101875 0.06707777777777779 0.0376953125 0.06736111111111112
0 0.489758984375 0.0524076388888889 0.05966796875 0.07586805555555556
0 0.4795 0.10985138888888889 0.13311562499999993 0.21970277777777777
