0 0.570059375 0.8599319444444445 0.141796875 0.2801361111111111
0 0.345937109375 0.7914347222222222 0.17178828125 0.3431083333333333
0 0.497075 0.6938958333333334 0.09375 0.2222222222222222
0 0.51706328125 0.23832916666666665 0.12630156249999996 0.32499999999999996
0 0.33253984374999995 0.5212430555555556 0.0888015625 0.28194444444444444
0 0.40343828125 0.5803861111111112 0.10390624999999995 0.3069444444444445
0 0.41320390625 0.5887194444444445 0.03164062499999996 0.04513888888888889
0 0.5776890625 0.4201152777777778 0.071484375 0.20833333333333334
0 0.42751328125 0.42463402777777776 0.0979171875 0.31296250000000003
0 0.44109726562499996 0.42450486111111113 0.03351484375 0.059926388888888876
0 0.4469234375 0.4062527777777778 0.0390625 0.08125
