0 0.71438984375 0.9376618055555556 0.1933140625000001 0.12467638888888896
0 0.16533437499999998 0.7664729166666666 0.33066874999999996 0.46705416666666666
0 0.16491953125 0.4290319444444445 0.2645828125 0.5296305555555556
0 0.42855234375 0.384375 0.22890625 0.4270833333333333
0 0.6505953124999999 0.21322708333333334 0.270703125 0.4264541666666667
0 0.3286703125 0.3693472222222222 0.2375 0.7386944444444444
0 0.32783203125 0.2923138888888889 0.0634765625 0.10243055555555555
0 0.37998046875 0.26071666666666665 0.0580078125 0.1579861111111111
0 0.41957656249999997 0.16759513888888888 0.2140625 0.33519027777777777
0 0.5592976562499999 0.01872986111111111 0.0453125 0.03745972222222222
