0 0.067950390625 0.977067361111111 0.10247109374999999 0.04586527777777781
0 0.271190625 0.6319013888888889 0.2125 0.4222222222222223
0 0.267414453125 0.28688125 0.13619765625 0.3425930555555555
0 0.368065625 0.17993680555555558 0.046354687500000005 0.06481527777777778
0 0.38408125000000004 0.1635013888888889 0.060676562499999996 0.09583333333333334
0 0.36129453125 0.16465902777777777 0.1296875 0.3231486111111111
0 0.557500390625 0.7210861111111111 0.15260390625000006 0.36944444444444446
0 0.48591015625 0.14269722222222223 0.0796875 0.28539444444444445
0 0.56637890625 0.17729305555555558 0.11510468749999996 0.236575
0 0.4433320312499999 0.05866944444444444 0.07161406250000005 0.11733888888888888
