0 0.5376859375 0.5309472222222222 0.1203125 0.27824166666666666
0 0.6963125 0.6810527777777777 0.179296875 0.4166666666666666
0 0.376863671875 0.5644402777777778 0.23541640625000002 0.4944444444444445
0 0.36709531249999994 0.18900000000000003 0.13671874999999994 0.37800000000000006
0 0.139638671875 0.9705006944444444 0.11979140625 0.05899861111111117
0 0.7147265625 0.10016180555555555 0.13203125 0.2003236111111111
0 0.455546875 0.06960625000000001 0.072265625 0.13921250000000002
0 0.5116015625 0.25155069444444444 0.20859375 0.5031013888888889
0 0.49980273437499995 0.027281944444444445 0.038021093750000026 0.05456388888888889
0 0.62472265625 0.021028472222222223 0.057421875 0.042056944444444445
