0 0.09441041666666666 0.16693750000000002 0.18882083333333333 0.33387500000000003
0 0.5038395833333333 0.13578732638888888 0.08817916666666671 0.27157465277777776
0 0.7613493055555555 0.24960503472222223 0.2223652777777777 0.49921006944444446
0 0.4053666666666667 0.6073888888888889 0.14004722222222224 0.4201388888888889
0 0.9384881944444444 0.44276562500000005 0.12302361111111111 0.32031250000000006
0 0.8863131944444446 0.6884461805555556 0.08726805555555552 0.13020833333333334
0 0.9160590277777778 0.5912230902777778 0.11203749999999989 0.18460590277777783
0 0.7635479166666667 0.8476614583333333 0.24236249999999998 0.3046770833333334
0 0.2935208333333333 0.7042873263888888 0.31296666666666667 0.5914253472222222
0 0.30416875000000004 0.817138888888889 0.07870416666666667 0.24305555555555555
